S:0.00558659217877095
o:0.0782122905027933
m:0.0335195530726257
e:0.1005586592178771
t:0.0893854748603352
i:0.05027932960893855
s:0.055865921787709494
 :0.17318435754189945
h:0.027932960893854747
r:0.03910614525139665
n:0.055865921787709494
':0.0111731843575419
a:0.061452513966480445
g:0.00558659217877095
d:0.0223463687150838
w:0.0223463687150838
.:0.01675977653631285

:0.0111731843575419
N:0.00558659217877095
y:0.027932960893854747
u:0.0223463687150838
l:0.01675977653631285
z:0.00558659217877095
c:0.00558659217877095
,:0.0111731843575419
k:0.00558659217877095
A:0.00558659217877095
f:0.0111731843575419
p:0.00558659217877095
q:0.00558659217877095
W:0.00558659217877095
?:0.00558659217877095
